// width height
cream
0 0 0 0 0.166 0 0 0.04
cream
0 0 0 0.04 0 0.04 0 0.4
cream
0 0 0 0.44 0.133 0 0 0.2
cream
0 0 0 0.64 0.105 0 0 0.066
cream
0 0 0 0.706 0 0.04 0 0.25
cream
0 0 0 0.956 1 0 0 0.956
cream
0 0.04 0 0.333 0.125 0 0 0.02
cream
0.125 0.04 0 0.25 0 0.02 0 0.103
cream
0.133 0 0 0.693 0.083 0 0 0.012
cream
0.14 0 0 0.939 0 0.016 0 0.016
cream
0.25 0 0 0.922 0.222 0 0 0.033
cream
0.472 0 0 0.756 0.04 0 0 0.2
cream
0.98 0 0 0 0.02 0 0 1
cream
0.694 0 0 0 0.285 0 0 0.125
cream
0.527 0 0 0 0.166 0 0 0.083
cream
0.493 0 0 0 0.033 0 0 0.1
cream
0.291 0 0 0 0.111 0 0 0.04
cream
0.166 0 0 0 0.125 0 0 0.008
cream
0.382 0 0 0 0.125 0 0 0.008
cream
0.291 0 0 0.091 0.091 0 0 0.05
cream
0.291 0 0 0.141 0.25 0 0 0.01
cream
0.458 0 0 0.151 0.043 0 0 0.1
cream
0.291 0 0 0.21 0.087 0 0 0.04
cream
0.323 0 0 0.25 0.055 0 0 0.111
cream
0.313 0 0 0.351 0.01 0 0 0.01
cream
0.313 0 0 0.417 0.01 0 0 0.1
cream
0.313 0 0 0.517 0.06 0 0 0.176
cream
0.293 0 0 0.694 0.08 0 0 0.01
cream
0.329 0 0 0.704 0.044 0 0 0.011
cream
0.342 0 0 0.715 0.031 0 0 0.011
cream
0.342 0 0 0.726 0.01 0 0 0.02
cream
0.329 0 0 0.746 0.022 0 0 0.02
cream
0.313 0 0 0.766 0.039 0 0 0.02
cream
0.5 0 0 0.44 0.02 0 0 0.2
cream
0.52 0 0 0.44 0.02 0 0 0.25
cream
0.4 0 0 0.44 0.1 0 0 0.05
cream
0.54 0 0.018 0.44 0.02 0 0 0.142
cream
0.56 0 0.018 0.44 0.05 0 0 0.01
cream
0.61 0 0 0.44 0.2 0 0.018 0.01
cream
0.81 0 0.018 0.325 0.02 0 0 0.125
cream
0.672 0 0.018 0.45 0.04 0 0 0.25
cream
0.672 0 0.018 0.7 0.1 0 0 0.033
cream
0.666 0 0 0.25 0.05 0 0 0.125